30 1 3

2 4 3 

0 0
1.4 5.88 3.33 11.06 10.66 2.94 6.61 11.58 4.31 18.22 9.24 13.36 28.65 15.31 33.44 13.06 37.01 36.39 33.45 21.25 24.3 13.59 23.33 41.76 36.68 35.86 49.63 35.23 45.61 26.35 
4.26 3.31 4.12 4.19 4.35 6.14 13.5 18.76 7.35 12.07 21.79 18.17 21.56 17.13 21.27 9.84 26.61 20.8 23.5 21.27 17.32 25.14 12.31 13.34 48.49 22.36 17.97 59.45 21.65 53.13 
2.79 1.73 2.56 1.47 5.56 3.6 10.5 5.36 14.62 20.18 7.32 27.62 7.71 15.26 31.74 28.26 24.35 23.84 36.76 32.31 16.86 44.84 33.18 26.68 43.96 41.75 41.23 43.16 45.81 45.43 
3.98 5.52 1.83 5.94 3.66 4.17 10.96 13.41 6.11 5.26 14.31 18.73 7.87 11.99 20.25 17.45 21.06 21.69 8.52 29.05 33.19 40.19 46.81 24.24 53.31 25.73 16.93 42.27 13.21 43.28 
4.65 6.32 5.84 4.78 2.19 2.8 1.76 6.13 6.23 4.27 19.06 14.4 7.96 11.09 6.74 15.02 31.66 10.4 8.24 38.76 39.8 36.34 19.77 46.77 32.44 53.03 11.41 45.97 23.58 33.34 
12.26 10.12 8.66 5.21 1.56 5.31 6.65 2.2 6.02 10.48 5.45 5.93 5.5 20.37 10.22 22.2 12.45 13.93 11.19 32.97 29.8 23.48 13.34 26.09 32.17 25.12 46.37 28.37 19.86 35.16 
11.51 12.05 13.31 13.73 4.58 5.32 2.83 5.33 3.57 6.2 6.7 10.94 7.49 19.32 5.98 17.04 20.8 7.23 15.45 17.88 27.04 28.81 11.59 40.75 37.96 36.6 11.65 13.79 20.52 11.5 
14.24 9.98 9.69 9.02 6.18 4.79 1.56 6.59 4.78 4.62 11.57 9.31 10.24 8.61 16.99 6.11 25.38 25.56 9.93 33.37 24.37 14.28 34.54 24.32 36.78 31.96 17.16 10.3 18.82 41.11 
10.34 14.78 20.32 11.31 2.88 6.58 1.89 3.27 4.36 3.97 6.18 9.05 12.36 12.36 17.95 19.27 11.49 23.81 5.57 6.96 25.9 10.9 7.45 10.11 22.69 21.36 10.6 34.33 27.7 45.79 
19.04 16.74 16 14.84 10.41 6 5.51 6.67 4.85 5.53 4.88 6.48 7.77 4.81 10.88 4.85 13.42 5.18 18.88 20.19 20.05 13.08 20.73 19 20.83 32.72 29.97 38.32 23.81 41.59 
24.84 14.79 6.91 14 13.81 12.93 11.75 11.35 3.54 2.48 3.51 2.49 5.61 7.75 7.89 5.42 19.5 5.16 16.59 25.73 17.81 23.08 27.22 31.21 17.89 30.01 33.48 10.24 23.13 26.64 
12.1 7.31 8.72 10.38 17.71 8.43 5.32 12.62 3.23 3.36 6.35 6.45 6.93 6.05 5.93 11 9.93 17.77 10.4 18.96 15.51 14.83 16.68 32.07 28.32 29.29 26.25 29.84 20.67 31.5 
15.95 26.4 25.38 19.63 11.21 6.49 15.5 9.51 11.85 8.51 5.54 3.95 4.89 6.77 2.87 9.4 7.88 2.94 10.88 8.97 11.35 17.38 24.74 12.94 22.45 13.4 33.67 10.87 24.91 18.45 
23.25 22.48 12.24 10.68 25.3 20.72 8.44 8.01 3.32 5.88 7.35 3.01 6.67 5.8 6.22 2.88 4.19 4.73 7.82 4.4 17.43 9.13 24.23 6.06 13.45 11.94 27.59 21.51 13.61 9.3 
13.85 21.91 32.79 8.95 25.4 23.79 15.34 19.96 14.06 4.97 6.72 10.45 6.84 2.7 3.2 3.26 3 10.98 10.39 3.49 9.85 4.51 13.16 22.79 22.41 14.94 19.09 14.4 34.16 10.69 
36.94 14.96 11.72 15.28 7.41 10.38 19.57 16.79 8.86 13.61 11.6 9.64 4.93 1.63 3.65 6.38 2.54 3.35 13.6 6.63 5.01 13.01 5.82 18.2 5.68 26.3 22.12 29.95 28.68 26.04 
11.71 31.19 13.28 28.1 8.49 18.09 25.04 14.72 19.89 14.42 11.18 5.01 9.69 3.94 3.15 3.12 3.99 3.43 4.61 7.14 7.42 3.71 5.62 14.63 14.39 23.85 10.45 11.42 28.3 17.18 
15.73 18.66 36.32 27.01 9.2 24.62 7.64 13.16 12.43 7.2 7.03 12.51 7.73 8.12 5.53 3.05 4.88 2.84 6.16 2.81 3.81 5.91 8.49 20.38 19.38 7.29 20.59 24.12 24.86 21.86 
17.65 14.96 32.9 34.48 30.35 8.65 31.69 14.01 25.24 20.51 12.94 16.58 13.46 3.38 6.86 6.38 2.77 6.24 2.48 3.79 2.36 10.65 3.3 4.23 13.63 5.45 11.01 23.75 27.46 11.86 
21.15 41.19 35.91 25.28 24.09 22.15 25.23 10.05 23.1 22.06 15.36 14.68 18.08 5.98 5.62 7.69 12.28 6.51 4.76 4.37 2.71 2.24 12.94 7.28 7.21 9.63 8.99 12.12 15.76 26.01 
15.48 13.67 28.76 22.25 35.96 25.62 27.06 29.49 27.55 23.72 18.04 22.34 7.01 9.46 15.78 3.4 6.33 6.86 2.7 5.58 5.34 1.51 2.09 8.59 8.27 8.92 16.88 13.26 17.37 12.13 
15.61 35.65 35.75 39.08 12.03 40.84 34.98 20.32 33.22 22.9 15.71 20.1 19.98 16.34 19.02 18.62 10.89 4.47 10.73 1.74 4.1 4.6 3.39 1.92 7.18 7.59 5.27 19.02 11.01 16.46 
37.86 41.37 30.35 10.3 47.39 16.5 23.84 21.17 27.45 25.8 27.76 19.14 7.13 19.49 6.7 8.54 18.04 7.75 10.64 11.06 3.13 3.01 2.78 3.78 5.57 8.97 10.94 8.88 9.61 15.74 
23 17.3 39.78 41.44 13.68 36.92 20.7 11.61 25.65 29.79 8.37 18.78 25.53 16.26 22.36 8.72 17.84 7.89 9.72 5.6 9.01 6.75 6.32 3.32 5.91 4.9 8.31 5.42 13.75 9.52 
58.94 44.97 51.78 22.79 19.73 45.2 22.21 16.49 11.76 20.83 31.8 27.79 22.13 7.08 12.65 17.22 14.12 15.15 5.36 11.34 6.16 8.5 3.48 5.4 2.08 1.7 2.13 11.48 9.57 13.85 
20.33 61.33 14.13 30.21 37.57 44.93 16.66 18.12 36.81 39.89 18.32 25.48 31.12 32.22 15.44 27.33 7.5 18.51 13.82 10.6 13.51 6.59 6.29 4.11 3.6 5.31 4.75 5.69 11.78 11.32 
38.13 48.87 32.27 34.73 41.3 36.04 17.57 15.49 31.32 41.59 25.8 38.02 7.08 9.7 17.52 12.79 13.75 18.3 11.47 10.73 14.1 9.26 5.37 10.07 4.23 4 1.51 3.55 6.01 7.15 
20.11 50.05 13.99 30.22 12 45.55 38.34 31.21 20.83 23.21 39.75 27.29 18.53 33.01 11.53 15.9 5.89 12.22 13.3 8.92 16.9 17.57 7.74 12.93 5.55 5.35 2.2 5.71 5.86 1.53 
25.12 32.29 60.09 21.35 32.17 47.99 33.21 23.7 33.82 22.66 11.87 13.11 18.38 17.15 16.2 27.34 24.56 17.19 6.01 14.87 17.82 13.91 14.39 9 12.08 9.11 1.68 5.79 6.28 5.64 
39.48 49.89 15.26 39.39 57.96 50.96 22.02 17.48 31.34 25.64 23.72 23.69 20.79 23.59 41.45 19.53 31.81 26.49 9.45 14.88 12.21 13.35 14.59 20.42 10.43 12.82 7.01 2.93 3.22 3.93 
1 0
9.03 9.27 12.71 9.41 16.94 7.58 13.84 12.28 20.9 37.79 40.51 13.63 58.37 62.44 65.2 47.39 30.59 82.97 49.88 84.64 26.6 22.97 46.4 96.5 45.46 70.67 35.77 109.25 67.8 74.88 
13.76 4.65 3.48 4.41 25.63 15.01 20.7 35.66 14.24 13.5 29.09 41.36 32.18 60.15 50.63 66.51 39.66 73 34.73 76.8 78.52 58.3 110.43 69.33 77.79 109.02 99.13 53.51 109.03 94.3 
4.38 11.72 4.06 4.04 10.39 15.24 11.99 18.37 13.65 31.47 19.5 31.39 38.83 52.42 29.95 36.64 47.37 56.42 71.79 54.29 76.7 38.27 73.64 66.06 76.49 93.57 111.57 97.59 122.43 61.65 
24.83 4.5 3.63 8.82 6.09 4.47 12.51 24.92 26.49 34.44 40.13 30.08 33.5 51.91 16.18 41.42 35.07 47.49 63.74 74.08 49.71 62.33 68.39 29.63 76.48 27.15 97.34 96.99 37.58 46.67 
19.39 13.7 11.73 11.63 9.77 4.29 7.52 17.71 8 11.86 34.59 20.34 37.06 35.16 14.71 15.29 26.78 65.53 17.12 43.16 72.35 62.79 19.75 50.36 39.22 60.82 105.67 73.35 63.19 33.17 
6.99 20.89 20.76 10.85 12.41 3.73 3.43 13.67 26.01 10.4 17.12 38.35 34.34 34.14 31.35 16.15 55.13 24.36 48.27 24.72 60.34 77.95 58.98 92.62 61.06 46.6 39.62 74.6 36.02 85.28 
31.1 18.69 24.98 9.66 7.68 3.33 7.3 10.86 7.19 14.16 21.82 21.95 17.39 20.56 38.51 40.14 15.11 12.33 52.53 17.63 24.89 60.22 52.93 47.52 60.63 48.3 82.28 49.74 50.75 61.21 
33.56 36.36 27.67 24.7 11.85 7.12 7.83 7.23 11.74 9.38 15.8 18.18 13.17 19.69 20.69 32.46 19.21 45.7 51.09 60.94 24.15 27.77 28.01 22.06 24.93 56.13 75.91 69.69 28.58 96.62 
34.26 16.03 17.7 8.92 13.28 14.75 8.82 10.07 9.1 5.66 8.17 21.29 24.42 19.85 33.8 38.68 11.9 30.07 40.26 15.08 58.65 16.56 68.12 77.47 18.04 60.16 83.54 62.14 36.09 52.58 
15.64 13.34 41.55 28.99 11.98 17.71 17.68 10.21 7.72 13.75 12.87 8.38 25.28 11.14 26.43 29.66 26.44 41.46 13.33 25.84 29.31 51.49 42.02 14.12 25.2 75.94 50.88 93.71 28.12 54.72 
44.87 52.62 15.35 12.26 31.29 20.41 13.94 10.08 4.79 13.43 6.15 3.29 12.55 15.01 16.53 17.96 38.06 24.66 33.48 46.23 13.37 42.33 44.55 58.06 40.59 16.7 31.26 61.26 73.59 95.63 
32.25 15.58 51.82 35.4 16.31 17.28 24.32 24.29 9.4 7.76 9.69 8.57 13.53 4.4 9.34 21.44 23.58 12.47 29.94 9.39 11.43 18.04 21.87 25.71 26.52 61.11 82.64 31.79 41.05 50.3 
63.72 16.64 30.86 35.94 8.87 17.22 27 23.03 21.95 6 6.48 11.29 3.05 8.33 11.9 11.4 22.14 16.12 21.09 28.18 39.32 11.54 30.5 37.82 16.03 65.85 47.63 43.72 21.97 68.64 
25.86 62.36 43.35 19.56 36.57 10.29 13.97 24.79 7.32 16.99 26.06 8.05 8.86 11.67 6.31 13.24 22.74 6.14 24.68 15.4 34.26 34.32 21.86 14.45 42.83 30.39 21.34 33.77 76.52 28.71 
45.51 50.74 66.29 35.85 14.31 28.32 23.33 41 17.39 18.87 10.65 26.58 5.41 12.74 8.74 6.64 5.21 23.45 11.54 21.56 9.8 36.21 28.42 39.49 49.6 45.98 16.21 17.65 41.95 41.1 
39.1 16.69 17.69 57.5 22.75 36.05 15.84 19.43 31.42 37.22 27.72 18.74 27.26 5.43 11.59 6.99 3.36 6.78 10.51 26.7 11.81 18 11.87 30.68 32.89 23.99 49.86 47.47 22.19 35.75 
44.03 33.87 24.35 16.51 67.17 53.8 29.23 40.31 17.74 9.97 40.08 14.74 23.48 14.3 11.92 4.97 13.81 7.42 12.51 26.65 19.04 8.9 18.88 19.39 13.07 30.57 15.86 11.42 19.83 64 
36.78 44.22 42.53 54.62 55.63 33.81 29.52 51.61 17.94 17.38 19.48 40.39 25.8 16.02 26.33 11.9 11.6 5.99 8.52 12.99 23.87 14.06 15.12 10.81 22.02 11.71 34.49 23.14 17.7 26.11 
34.76 80.31 36.23 77.95 28.23 63.98 33.8 25.8 27.96 22.94 35.01 24.52 17.6 25.76 11.81 6.66 7.26 9.52 7.79 9.84 6.36 9.93 22.04 7.38 26.06 18.46 12.77 33.67 51.75 42.46 
46.17 59.57 53.53 79.63 46.67 34.12 20.66 29.38 27.47 31.67 37.09 26.87 14.5 9.67 14.65 8.5 23.44 6.25 2.89 7.07 12.6 2.96 20.03 26.97 16.78 29.13 26.07 19.24 36.95 16.46 
38.62 72.94 54.64 59.22 41.17 80.67 48.84 61.14 33.96 45.86 18.85 29.45 26.43 15.81 30.62 12.86 12.37 11.68 5.67 9.24 6.53 10.55 10.76 24.72 6.23 13.3 9.08 33.21 36.11 34.99 
56.73 31.98 76.75 63.63 34.42 49.11 57.42 69.24 26.1 21.94 39.59 44.03 19.95 41.41 26.54 28.82 8.92 14.53 23.96 7.16 7.78 6.5 11.09 13.84 7.95 11.53 11.35 37.57 16.04 19.69 
77.32 43.09 74.96 59.08 88.48 23.53 57.02 24.4 16.13 66.9 21.69 40.51 51.35 50.53 38.22 14.16 30.62 27.35 6.84 27.16 4.08 13.29 5.17 5.06 7.1 19.54 21.88 27.29 22.63 24.63 
31.48 62.46 98.2 67.93 39.15 74.08 48.7 46.88 38.33 54.78 24.26 49.55 48.49 32.38 28.13 20.4 33.54 11.07 22.57 16.31 13.27 7.23 9.35 11.67 7.47 13.67 9.64 24.67 23.74 21.59 
115.18 68.83 79.19 47.8 41.7 82.95 37.26 78.76 55.05 29.38 31.02 53.75 34.31 45.39 24.77 25.61 27.6 31.94 18.13 27.67 16.09 9.7 8.44 10.63 13.39 5.31 13.58 19.13 24.17 24.57 
35.71 83.29 51.55 87.35 100.09 35.4 53.53 84.22 43.13 19.81 51.21 29.93 40.06 46.32 41.35 53.92 13.35 28.04 17.74 37.66 6.83 13.5 10.24 3.46 9.08 9.08 4.95 12.82 23.27 9.92 
109.13 93.89 112.63 44.63 79.04 46.26 87.42 75.47 67.71 56.45 19.68 53.31 65.62 21.12 56.14 11.81 11.37 44.21 12.14 18.96 27.1 10.79 19.45 22.42 4.72 13.69 3.59 6.3 9.14 25.95 
123.21 124.35 71.41 58.92 105.79 91.06 26.09 73.58 76.2 58.99 78.19 79.17 82.58 47.4 54.05 41.75 18.08 48.74 11.15 26.57 10.86 15.27 22.74 17.5 19.14 13.35 6.63 10.99 3.98 13.23 
98.43 112.09 40.33 67.16 100.42 83.58 79.05 38.36 21.95 95.57 63.76 43.12 31.18 56.32 46.2 15.29 18.34 37.69 40.69 14.45 11.92 31.96 9.75 19.2 17.69 26.82 10.08 12.15 8.19 3.01 
59.91 37.7 51.62 57.48 95.14 29.9 70.73 69.88 97.35 31.48 48.91 57.85 53.46 41.35 26.96 25.58 52.83 29.8 31.95 12.05 25.84 36.48 26.6 24.18 20.02 17.81 23.2 3.6 7.62 8.31 
2 0
6.36 10.47 15.38 31.8 15.89 17.62 53.26 10.96 33.62 49.15 40.19 49.18 55.18 70 56.58 41.75 88.56 107.48 51.8 27.47 93.04 134.03 96.09 111.98 128.2 154.7 109.54 123.13 57.56 150.93 
14.36 13.01 13.62 17.2 27.04 9.19 11.56 35.78 45.9 32.43 30.37 57.68 21.39 20.44 48.47 83.96 62.08 48.76 106.05 82.01 109.32 114.41 94.33 50.93 104.08 48.17 72.77 75.64 155.48 142.95 
3.61 15.81 11.52 10.1 11.38 12.96 19.69 22.44 32.43 50.52 18.43 71.56 19.75 17.12 34.21 32.4 50.29 76.1 75.24 53.77 80.79 44.05 83.75 37.89 99.81 45.77 149.85 37.83 72.9 60.77 
31.58 8.27 12.78 10.01 10.26 8.22 30.87 27.96 10.82 33.31 13.86 24.61 27.36 45.94 42.58 74.78 67.24 46.25 30.16 63.78 54.2 60.92 42.81 99.67 31.86 101.97 127.79 142.42 123.58 40.76 
16.95 26.12 11.14 16.5 9.36 15.85 11.81 13.64 30.34 29.77 42.74 47.59 20.62 70.81 44.42 29.18 28.43 23.66 42.03 58.73 67.45 55.71 77.83 49.28 93.72 130.76 97.65 45.01 32.81 117.39 
30.42 30.18 11.26 14.74 12.83 11.5 7.53 12.48 17.71 11.64 33.04 29.75 18.14 48.18 14.55 37.54 16.55 35.67 81.38 73.8 99.7 78.63 70.49 79.33 50.7 28.76 36.73 36.81 102.56 122.22 
27.81 12.89 18.4 32.85 12.58 7.68 16.42 16.43 16.54 23.53 28.54 11.17 40.02 33.02 19.49 39.48 18.9 34.7 28.15 66.35 67.66 68.29 25.77 104.93 93.31 64.08 42.1 118.63 84.25 86.91 
28 51.28 8.7 18.26 7.94 3.86 15.89 14.01 16.14 4.72 24.1 30.57 7.47 20.74 48.16 37.8 45.05 69.68 60.06 81.73 62.14 70.4 82.9 90.87 47.95 101.55 124.93 94.49 60.2 92.51 
20.75 19.55 11.74 8.52 25.63 19.11 13.61 16.15 4.36 9.71 4.84 29.49 15.57 28.58 48.25 33.2 25.98 24.08 58.69 36.45 28.97 42.73 64.34 76.33 42.37 88.75 38.98 123.77 55.26 83.79 
70.78 30.38 44.1 51.44 23.43 27.59 21.29 14.56 15.04 6.52 12.06 10.6 34.13 12.99 25.09 12.24 29.95 16.25 24.25 32.45 38.85 29.85 75.45 42.25 92.66 76.84 84.63 71.83 115.86 35.99 
16.58 18.22 15.78 37.34 42.21 15.73 35.77 12.06 11.92 6.32 5.32 14.64 3.61 30.15 28.66 9.83 47.61 37.93 21.75 25.78 44.28 15.72 83.44 39.81 21.69 87.61 34.82 24.32 105.17 88.86 
64.47 22.55 32.04 12.76 49.37 19.7 32.25 24.64 12.44 6.24 11.42 14.06 16.02 8.96 35.09 8.06 28.27 41.67 50.12 44.02 27.45 67.03 57.6 20.22 57.81 41.69 96.27 91.41 24.51 37.11 
32.36 63.04 27.07 50.12 47.92 23.31 51.99 19.29 11.06 7.37 16.52 4.31 13.37 13.71 12.86 31.37 17.25 25.13 11.94 48.76 27.22 70.2 54.45 42.92 45.03 79.52 59.78 47.76 96.74 101.74 
37.94 35.85 64.03 39.96 15.99 37.38 15.75 52.03 16.85 21.24 24.4 9.35 15.56 12.09 17.05 13.89 20.73 8.37 11.07 45.95 39.07 50.38 42.94 16.11 37.84 30.97 22.1 75.74 32.84 91.86 
42.79 80.33 25.46 60.22 64.35 45.8 22.86 42.06 16.43 21.14 20.89 26.41 10.95 10.53 11.77 6.01 16.82 25.82 29.16 31.8 31.58 37.35 35.21 54.29 23.4 15.57 54.21 35.47 62.04 103.69 
42.31 89.07 33.7 64.48 22.16 24.56 40.35 13.22 48.31 14.25 25.38 24.18 13.81 7.25 7.49 14.02 12.25 13.17 32.85 26.24 17.36 20.22 41.26 45.98 49.01 49.07 66.64 39.77 56.81 89.11 
23.87 36.04 79.72 52.56 24.01 47.24 37.45 61.55 10.85 38.97 36.73 16.94 7.31 15.11 15.82 11.68 9.8 9.11 8.43 21.77 29.44 13.13 31.04 14.17 22.83 71.36 44.1 47.38 87.39 55.31 
62.66 87.28 58.27 24.47 78.63 51.97 25.14 27.49 33.92 19.61 13.57 45.56 12.31 27.22 15.13 15.34 3.69 17.25 13.73 10.63 9.37 25.61 11.21 10.98 43.24 28.95 61.6 42.98 70 22.71 
44.45 72.55 79.97 101.36 25.48 28.55 86.49 53.59 39.18 42.02 44.9 46.35 25.69 29.04 13.23 32.45 5.67 14.82 14.51 15.12 17.4 31.91 8.21 23.02 20.17 13.53 21.58 29.75 21.32 41.34 
77.78 31.84 30.42 83.7 100.53 81.31 54.29 57.09 63.54 34.96 36.07 31.51 11.17 20.29 27.46 22.77 13.43 5.64 17.29 3.77 12.08 11.26 13.61 9.96 16.78 21.54 49.4 39.76 38.01 52.45 
36.28 108.01 90.65 30.04 97.01 55.45 44.74 22.5 34.81 30.05 21.46 30.36 21.13 39.05 38.42 34.47 11.84 34.73 12.54 7.47 13.82 12.63 9.05 24.14 26.43 23.59 10.78 22.89 41.88 37.59 
39.76 94.42 114.21 51.67 84.59 39.99 51.48 44.7 63.09 84.57 17.13 20.07 27.78 43.18 49.1 41.71 28.85 24.79 32.57 12.24 14.51 11.95 4.76 4.23 19.07 20.16 25.57 30.08 52.23 41.85 
131.22 41.15 82.08 71.09 95.57 44.44 25.73 107.35 18.24 68.57 66.53 70.3 63.72 47.32 35.43 37.64 47.68 26.1 30.56 31.12 6.53 15.66 16 16.9 8.96 34.15 18.32 25.18 37.73 39.5 
36.15 49.35 59.19 117.08 74.97 36.09 104.16 29.52 89.49 58.34 88.94 69.63 66.82 56.05 57.03 12.1 29.45 22.18 16.52 28.73 27.13 7.5 12.28 15.48 4.75 13.46 23.43 15.45 18.71 39.03 
68.08 137.87 34.17 119.55 60.4 49.51 121.53 91.86 41.06 89.2 21.81 57.95 25.76 15.9 22.65 56.81 50.57 35.75 11.38 23.79 11.04 22.93 13.3 12.42 14.06 10.74 10.13 29.38 15.45 16.86 
156.48 46.94 74.34 120.93 93.31 48.09 57.24 103.72 59.62 89.31 40.51 30.28 78.33 29.34 61.23 43.84 47.41 36.7 44.67 15.9 19.16 7.23 29.59 16.33 9.97 11.98 8.97 11.68 34.36 25.23 
138.7 112.08 159.04 97.48 137.69 87.18 42.13 94.48 125.07 65.71 93.12 43.61 76.51 79.16 22.6 18.65 27.53 34.68 46.32 50.93 48.28 16.39 25.96 21.5 9.61 16.3 4.92 16.95 10.67 22.14 
95.75 61.78 47.53 154.03 118.26 114.76 34.73 38.67 58.21 116.54 95.58 81 58.07 53.12 21.43 33.66 45.12 45.64 21.02 10.79 50.21 27.25 32.23 25.64 25.62 11.76 15.89 17.09 5.28 9.9 
64.18 128.86 114.06 42.18 131.21 75.34 38.25 55.24 123.32 78.01 66.65 34.62 26.01 95.12 84.05 74.48 25.35 39.31 70.46 34 49.61 18.79 22.67 25.31 25.67 16.5 6.53 7.07 11.66 14.09 
97.05 168.21 143.64 32.73 67.26 59.48 31.62 72.54 31.12 99.32 41.1 56.7 81.57 39.52 52.76 77.16 48.97 52.4 33.02 40.22 15.43 43.81 39.74 50.68 28.39 18.48 12.74 9.1 4.59 4.71 

32 14 39 20 54 0 98 2 4 56 33 61 0 4 42 60 20 0 87 0 91 0 56 12 59 38 24 0 84 1 

0 0
0 0 0 0 0 47 0 0 0 0 0 0 130 0 0 0 0 81 0 6 0 97 0 0 0 0 0 95 0 0 
1 0
0 0 0 0 0 58 0 0 0 0 0 0 81 0 0 0 0 144 0 4 0 69 0 0 0 0 0 3 0 0 
2 0
0 0 0 0 0 3 0 0 0 0 0 0 34 0 0 0 0 121 0 140 0 124 0 0 0 0 0 114 0 0 
